H	2	1024	"2024-10-14 14:29:45"	300	7.08
0	0
1	19
2	21
3	17
4	0
5	0
6	0
7	0
8	0
9	0
10	0
11	2
12	3
13	4
14	20
15	70
16	168
17	232
18	316
19	499
20	815
21	1168
22	1584
23	1751
24	1817
25	1864
26	1951
27	1888
28	1981
29	1957
30	1951
31	1963
32	1967
33	1942
34	2063
35	2112
36	1949
37	1922
38	1711
39	1853
40	2859
41	3844
42	3259
43	2607
44	2088
45	2067
46	2220
47	2372
48	2480
49	2425
50	2528
51	2638
52	2656
53	2638
54	2568
55	2530
56	2618
57	2454
58	2637
59	2437
60	2497
61	2435
62	2489
63	2438
64	2424
65	2514
66	2502
67	2449
68	2538
69	2544
70	2565
71	2619
72	2543
73	2610
74	2610
75	2605
76	2646
77	2611
78	2567
79	2563
80	2534
81	2698
82	2615
83	2565
84	2634
85	2612
86	2707
87	2682
88	2624
89	2665
90	2711
91	2718
92	2826
93	2799
94	2739
95	2828
96	2864
97	2924
98	2916
99	2910
100	3065
101	3158
102	3428
103	3592
104	3816
105	3896
106	3964
107	3899
108	4016
109	3710
110	3706
111	3461
112	3311
113	3322
114	3315
115	3234
116	3119
117	3195
118	3062
119	2918
120	2911
121	2925
122	2789
123	2809
124	2830
125	2790
126	2725
127	2679
128	2758
129	2716
130	2630
131	2630
132	2525
133	2586
134	2635
135	2633
136	2682
137	2469
138	2549
139	2464
140	2498
141	2443
142	2404
143	2565
144	2524
145	2445
146	2409
147	2365
148	2396
149	2371
150	2372
151	2285
152	2237
153	2325
154	2204
155	2313
156	2268
157	2241
158	2272
159	2268
160	2260
161	2181
162	2155
163	2228
164	2158
165	2253
166	2230
167	2246
168	2144
169	2175
170	2168
171	2171
172	2195
173	2119
174	2096
175	2158
176	2287
177	2201
178	2096
179	2134
180	2180
181	2109
182	2096
183	2013
184	2139
185	2133
186	2090
187	2114
188	2052
189	2134
190	2099
191	2107
192	2014
193	2022
194	1964
195	2063
196	1984
197	1995
198	2046
199	2009
200	2126
201	1999
202	2040
203	1941
204	1950
205	2043
206	1984
207	1988
208	2020
209	1975
210	1993
211	1924
212	2051
213	1987
214	2050
215	1879
216	1970
217	2004
218	1941
219	1997
220	1919
221	2003
222	2005
223	1937
224	1955
225	1931
226	1921
227	1917
228	2017
229	2062
230	2003
231	1976
232	2010
233	2020
234	2011
235	1936
236	1931
237	1878
238	2021
239	2038
240	1868
241	1955
242	1936
243	1976
244	2054
245	1920
246	1977
247	1930
248	2050
249	1854
250	1892
251	1960
252	1944
253	2020
254	2037
255	1991
256	2003
257	2039
258	2031
259	1906
260	1999
261	1997
262	1977
263	1987
264	2044
265	1904
266	2056
267	1982
268	1981
269	1956
270	1985
271	2051
272	2050
273	2034
274	2028
275	2053
276	2093
277	2002
278	2080
279	2013
280	2060
281	2126
282	2159
283	2082
284	2107
285	2075
286	2144
287	2011
288	2183
289	2149
290	2109
291	2151
292	2253
293	2121
294	2172
295	2215
296	2255
297	2186
298	2231
299	2150
300	2172
301	2166
302	2100
303	2086
304	2115
305	2177
306	2059
307	2064
308	2119
309	2129
310	2077
311	2093
312	2049
313	2086
314	2051
315	2111
316	2135
317	2016
318	2135
319	2107
320	2173
321	2136
322	2126
323	2162
324	2116
325	2122
326	2118
327	2125
328	2186
329	2122
330	2215
331	2152
332	2119
333	2115
334	2157
335	2123
336	2167
337	2134
338	2217
339	2141
340	2211
341	2259
342	2203
343	2202
344	2304
345	2226
346	2254
347	2325
348	2197
349	2268
350	2286
351	2357
352	2293
353	2213
354	2282
355	2157
356	2274
357	2251
358	2399
359	2271
360	2357
361	2368
362	2326
363	2359
364	2372
365	2345
366	2333
367	2337
368	2439
369	2423
370	2359
371	2455
372	2503
373	2561
374	2433
375	2387
376	2468
377	2498
378	2454
379	2436
380	2477
381	2479
382	2547
383	2385
384	2541
385	2460
386	2443
387	2507
388	2502
389	2416
390	2440
391	2423
392	2463
393	2411
394	2454
395	2487
396	2466
397	2351
398	2370
399	2402
400	2442
401	2375
402	2463
403	2400
404	2338
405	2364
406	2333
407	2329
408	2226
409	2178
410	2255
411	2159
412	2065
413	2192
414	2060
415	2012
416	1952
417	2006
418	1964
419	1911
420	1891
421	1910
422	1905
423	1852
424	1873
425	1873
426	1808
427	1758
428	1838
429	1767
430	1741
431	1722
432	1749
433	1772
434	1742
435	1729
436	1779
437	1664
438	1713
439	1729
440	1716
441	1739
442	1714
443	1637
444	1731
445	1604
446	1693
447	1708
448	1729
449	1662
450	1715
451	1676
452	1704
453	1653
454	1665
455	1654
456	1702
457	1632
458	1675
459	1658
460	1690
461	1617
462	1714
463	1722
464	1775
465	1762
466	1696
467	1714
468	1701
469	1727
470	1753
471	1733
472	1745
473	1740
474	1780
475	1878
476	1895
477	1937
478	2000
479	2048
480	2139
481	2197
482	2270
483	2425
484	2509
485	2708
486	2939
487	3019
488	3094
489	3211
490	3488
491	3663
492	3820
493	3925
494	4199
495	4262
496	4378
497	4521
498	4752
499	4854
500	4938
501	5000
502	5027
503	5100
504	5156
505	5093
506	5103
507	4983
508	5025
509	4840
510	4658
511	4418
512	4379
513	4282
514	3994
515	3857
516	3607
517	3383
518	3335
519	3075
520	2837
521	2657
522	2476
523	2345
524	2279
525	1948
526	1918
527	1785
528	1658
529	1519
530	1455
531	1369
532	1305
533	1341
534	1228
535	1159
536	1202
537	1147
538	1140
539	1216
540	1145
541	1243
542	1246
543	1410
544	1450
545	1460
546	1622
547	1633
548	1695
549	1803
550	1900
551	2128
552	2116
553	2297
554	2403
555	2668
556	2768
557	2884
558	2939
559	3079
560	3272
561	3366
562	3513
563	3540
564	3643
565	3718
566	3724
567	3817
568	3798
569	3850
570	3929
571	3900
572	3853
573	3747
574	3715
575	3704
576	3539
577	3416
578	3299
579	3162
580	3216
581	2877
582	2767
583	2654
584	2537
585	2282
586	2212
587	2052
588	1937
589	1852
590	1571
591	1563
592	1395
593	1293
594	1170
595	1065
596	1027
597	912
598	835
599	776
600	748
601	700
602	618
603	577
604	600
605	522
606	483
607	431
608	432
609	402
610	409
611	339
612	387
613	355
614	322
615	313
616	330
617	307
618	298
619	304
620	294
621	272
622	272
623	271
624	290
625	263
626	270
627	244
628	254
629	265
630	243
631	219
632	261
633	225
634	210
635	239
636	223
637	221
638	267
639	216
640	250
641	233
642	218
643	223
644	223
645	229
646	242
647	220
648	226
649	241
650	225
651	207
652	234
653	218
654	215
655	196
656	209
657	232
658	208
659	225
660	224
661	190
662	202
663	202
664	177
665	213
666	248
667	221
668	210
669	206
670	222
671	205
672	240
673	234
674	188
675	241
676	216
677	230
678	206
679	195
680	206
681	206
682	196
683	193
684	210
685	223
686	198
687	194
688	210
689	180
690	201
691	180
692	190
693	205
694	177
695	186
696	184
697	213
698	210
699	196
700	192
701	162
702	175
703	175
704	172
705	186
706	218
707	191
708	152
709	197
710	186
711	181
712	200
713	184
714	194
715	186
716	179
717	172
718	196
719	189
720	192
721	173
722	179
723	176
724	155
725	182
726	164
727	182
728	187
729	169
730	184
731	180
732	166
733	163
734	174
735	155
736	172
737	157
738	156
739	161
740	174
741	167
742	178
743	140
744	180
745	158
746	159
747	177
748	164
749	176
750	153
751	164
752	182
753	166
754	141
755	148
756	152
757	176
758	152
759	155
760	153
761	171
762	165
763	135
764	152
765	174
766	152
767	162
768	136
769	158
770	156
771	136
772	152
773	134
774	158
775	129
776	166
777	125
778	136
779	152
780	154
781	149
782	136
783	141
784	149
785	147
786	142
787	142
788	148
789	143
790	151
791	121
792	129
793	132
794	131
795	130
796	133
797	131
798	146
799	159
800	130
801	136
802	158
803	149
804	122
805	142
806	132
807	134
808	157
809	132
810	125
811	140
812	140
813	140
814	125
815	124
816	137
817	151
818	143
819	126
820	130
821	130
822	131
823	129
824	129
825	127
826	112
827	134
828	126
829	132
830	130
831	131
832	99
833	127
834	120
835	125
836	132
837	134
838	116
839	123
840	120
841	128
842	134
843	110
844	109
845	125
846	108
847	148
848	119
849	105
850	127
851	116
852	128
853	138
854	131
855	119
856	127
857	130
858	97
859	147
860	133
861	135
862	130
863	102
864	119
865	143
866	130
867	114
868	128
869	115
870	124
871	112
872	104
873	118
874	111
875	120
876	125
877	118
878	105
879	108
880	130
881	100
882	112
883	124
884	105
885	97
886	98
887	99
888	112
889	114
890	106
891	144
892	113
893	114
894	112
895	125
896	115
897	104
898	105
899	97
900	122
901	113
902	101
903	114
904	114
905	117
906	104
907	101
908	120
909	120
910	126
911	103
912	126
913	118
914	115
915	106
916	111
917	97
918	81
919	106
920	121
921	103
922	114
923	105
924	120
925	102
926	102
927	113
928	104
929	119
930	122
931	92
932	98
933	108
934	109
935	97
936	118
937	116
938	135
939	104
940	107
941	121
942	112
943	102
944	98
945	116
946	91
947	96
948	108
949	107
950	105
951	116
952	101
953	93
954	91
955	109
956	100
957	90
958	84
959	85
960	82
961	87
962	96
963	97
964	104
965	93
966	85
967	84
968	98
969	69
970	103
971	80
972	72
973	76
974	67
975	84
976	92
977	77
978	51
979	77
980	72
981	64
982	58
983	55
984	69
985	63
986	48
987	54
988	59
989	60
990	60
991	43
992	44
993	57
994	60
995	61
996	40
997	46
998	45
999	50
1000	44
1001	29
1002	44
1003	50
1004	41
1005	40
1006	46
1007	35
1008	20
1009	44
1010	39
1011	41
1012	44
1013	23
1014	40
1015	25
1016	34
1017	29
1018	33
1019	28
1020	0
1021	0
1022	0
1023	0
