H	2	1024	"2024-09-19 16:31:14"	300	6.06
0	0
1	12
2	7
3	7
4	0
5	0
6	0
7	0
8	0
9	0
10	0
11	0
12	2
13	2
14	11
15	80
16	173
17	303
18	416
19	657
20	1052
21	1582
22	2089
23	2472
24	2634
25	2564
26	2677
27	2747
28	2726
29	2785
30	2882
31	2917
32	3040
33	3001
34	2976
35	2967
36	3126
37	3082
38	2768
39	2535
40	3085
41	4738
42	5421
43	4194
44	3314
45	2919
46	2968
47	3093
48	3489
49	3699
50	3726
51	3606
52	3669
53	3699
54	3720
55	3602
56	3620
57	3695
58	3598
59	3563
60	3535
61	3414
62	3413
63	3381
64	3455
65	3501
66	3503
67	3535
68	3596
69	3533
70	3727
71	3693
72	3763
73	3766
74	4068
75	4128
76	4459
77	4412
78	4760
79	4790
80	4993
81	4834
82	4989
83	4730
84	4771
85	4727
86	4573
87	4398
88	4360
89	4208
90	4165
91	4018
92	3934
93	3850
94	3835
95	3653
96	3572
97	3388
98	3279
99	3100
100	3250
101	3282
102	3529
103	3645
104	3787
105	3675
106	3869
107	3739
108	3586
109	3343
110	3273
111	3313
112	3296
113	3161
114	3176
115	3032
116	3129
117	3039
118	3129
119	3012
120	3115
121	3154
122	3071
123	2910
124	2894
125	3005
126	2873
127	3006
128	2935
129	2877
130	2884
131	2844
132	2851
133	2819
134	2824
135	2777
136	2785
137	2811
138	2710
139	2824
140	2797
141	2816
142	2779
143	2748
144	2785
145	2708
146	2678
147	2816
148	2812
149	2777
150	2722
151	2721
152	2847
153	2734
154	2783
155	2718
156	2772
157	2656
158	2748
159	2776
160	2715
161	2596
162	2753
163	2669
164	2701
165	2724
166	2666
167	2678
168	2721
169	2703
170	2731
171	2702
172	2692
173	2625
174	2708
175	2676
176	2714
177	2662
178	2672
179	2590
180	2753
181	2576
182	2723
183	2698
184	2711
185	2666
186	2647
187	2663
188	2688
189	2661
190	2710
191	2726
192	2574
193	2691
194	2658
195	2717
196	2707
197	2619
198	2722
199	2627
200	2690
201	2711
202	2629
203	2745
204	2732
205	2660
206	2717
207	2798
208	2806
209	2676
210	2723
211	2763
212	2802
213	2795
214	2813
215	2750
216	2898
217	2811
218	2913
219	2889
220	2917
221	2874
222	2984
223	2832
224	2943
225	2807
226	2863
227	2919
228	2836
229	2808
230	2838
231	2749
232	2891
233	2795
234	2909
235	2849
236	2806
237	2814
238	2905
239	2800
240	2825
241	2801
242	2804
243	2857
244	2797
245	2887
246	2846
247	2842
248	2961
249	2924
250	2945
251	2928
252	3007
253	2880
254	2993
255	2790
256	3014
257	3017
258	2961
259	2901
260	3007
261	2994
262	2992
263	2936
264	2978
265	3046
266	3047
267	3032
268	3064
269	3197
270	3230
271	3180
272	3078
273	3090
274	3215
275	3136
276	3221
277	3166
278	3150
279	3184
280	3160
281	3174
282	3197
283	3206
284	3392
285	3302
286	3231
287	3211
288	3358
289	3314
290	3373
291	3259
292	3385
293	3223
294	3301
295	3191
296	3337
297	3317
298	3357
299	3222
300	3365
301	3234
302	3223
303	3271
304	3296
305	3158
306	3046
307	3071
308	3102
309	2980
310	3141
311	2927
312	2789
313	2875
314	2813
315	2777
316	2733
317	2628
318	2509
319	2565
320	2552
321	2571
322	2523
323	2354
324	2521
325	2512
326	2398
327	2347
328	2298
329	2328
330	2348
331	2300
332	2288
333	2312
334	2251
335	2275
336	2192
337	2242
338	2291
339	2265
340	2285
341	2329
342	2259
343	2245
344	2348
345	2206
346	2285
347	2263
348	2249
349	2194
350	2240
351	2265
352	2290
353	2170
354	2304
355	2217
356	2325
357	2251
358	2366
359	2481
360	2484
361	2630
362	2783
363	2775
364	2958
365	3211
366	3338
367	3515
368	3953
369	4049
370	4386
371	4656
372	4869
373	5211
374	5403
375	5765
376	6106
377	6329
378	6403
379	6562
380	6706
381	6688
382	6766
383	6669
384	6602
385	6405
386	6166
387	6158
388	5718
389	5372
390	5072
391	4746
392	4516
393	4002
394	3760
395	3462
396	3175
397	2801
398	2640
399	2239
400	2284
401	1895
402	1873
403	1719
404	1734
405	1610
406	1623
407	1586
408	1619
409	1714
410	1731
411	1749
412	1890
413	2089
414	2162
415	2294
416	2599
417	2679
418	2980
419	3283
420	3491
421	3615
422	3908
423	4064
424	4287
425	4537
426	4665
427	4822
428	4972
429	5007
430	5236
431	5134
432	5128
433	5072
434	5066
435	4841
436	4800
437	4624
438	4426
439	4096
440	3868
441	3607
442	3339
443	3082
444	2886
445	2655
446	2278
447	2116
448	1911
449	1741
450	1607
451	1376
452	1223
453	1123
454	962
455	937
456	845
457	704
458	678
459	594
460	603
461	531
462	539
463	476
464	460
465	449
466	434
467	402
468	413
469	384
470	382
471	350
472	374
473	363
474	370
475	340
476	342
477	337
478	345
479	310
480	335
481	297
482	313
483	279
484	302
485	287
486	297
487	306
488	265
489	314
490	306
491	334
492	322
493	282
494	337
495	311
496	284
497	300
498	304
499	274
500	295
501	287
502	286
503	272
504	292
505	282
506	308
507	277
508	268
509	263
510	297
511	288
512	289
513	285
514	273
515	259
516	284
517	256
518	281
519	288
520	276
521	232
522	254
523	249
524	241
525	278
526	267
527	244
528	260
529	258
530	275
531	238
532	264
533	237
534	236
535	238
536	264
537	244
538	263
539	230
540	271
541	220
542	217
543	233
544	223
545	231
546	247
547	222
548	221
549	200
550	212
551	250
552	216
553	240
554	216
555	192
556	214
557	235
558	217
559	213
560	211
561	218
562	222
563	217
564	208
565	198
566	259
567	228
568	230
569	202
570	171
571	235
572	205
573	203
574	224
575	214
576	213
577	193
578	197
579	214
580	200
581	206
582	179
583	180
584	193
585	206
586	195
587	199
588	203
589	173
590	207
591	213
592	201
593	196
594	188
595	173
596	200
597	194
598	206
599	194
600	206
601	183
602	192
603	197
604	187
605	186
606	190
607	185
608	196
609	203
610	189
611	175
612	198
613	183
614	185
615	158
616	193
617	168
618	162
619	215
620	174
621	191
622	182
623	162
624	193
625	161
626	163
627	188
628	169
629	166
630	169
631	163
632	161
633	179
634	163
635	162
636	163
637	160
638	169
639	149
640	185
641	182
642	152
643	186
644	188
645	172
646	176
647	161
648	130
649	174
650	162
651	160
652	158
653	156
654	174
655	182
656	160
657	150
658	156
659	166
660	175
661	135
662	162
663	136
664	148
665	187
666	153
667	173
668	179
669	135
670	143
671	148
672	151
673	143
674	144
675	134
676	167
677	148
678	132
679	143
680	164
681	147
682	163
683	169
684	154
685	145
686	145
687	132
688	145
689	137
690	145
691	166
692	145
693	155
694	171
695	145
696	164
697	179
698	137
699	140
700	142
701	153
702	145
703	161
704	169
705	143
706	155
707	141
708	145
709	138
710	143
711	155
712	159
713	147
714	124
715	152
716	140
717	144
718	147
719	118
720	129
721	150
722	154
723	150
724	134
725	142
726	137
727	122
728	129
729	128
730	112
731	136
732	129
733	121
734	107
735	122
736	112
737	91
738	123
739	105
740	110
741	107
742	118
743	71
744	77
745	82
746	83
747	75
748	79
749	82
750	64
751	64
752	70
753	68
754	68
755	56
756	51
757	64
758	73
759	64
760	53
761	62
762	55
763	44
764	56
765	61
766	56
767	51
768	45
769	47
770	56
771	42
772	43
773	64
774	55
775	59
776	71
777	65
778	66
779	74
780	74
781	76
782	78
783	77
784	74
785	79
786	92
787	99
788	74
789	99
790	97
791	119
792	121
793	105
794	134
795	109
796	117
797	136
798	144
799	139
800	143
801	136
802	140
803	143
804	174
805	163
806	153
807	149
808	151
809	143
810	140
811	147
812	153
813	157
814	155
815	117
816	123
817	124
818	96
819	112
820	113
821	106
822	94
823	96
824	86
825	80
826	66
827	72
828	56
829	48
830	51
831	47
832	44
833	39
834	31
835	53
836	32
837	29
838	30
839	25
840	25
841	36
842	26
843	24
844	15
845	17
846	20
847	23
848	17
849	13
850	16
851	10
852	12
853	18
854	12
855	14
856	12
857	8
858	11
859	7
860	9
861	13
862	12
863	8
864	12
865	11
866	9
867	8
868	6
869	8
870	6
871	11
872	14
873	3
874	9
875	8
876	7
877	10
878	10
879	6
880	4
881	6
882	2
883	6
884	4
885	3
886	10
887	9
888	6
889	5
890	4
891	4
892	7
893	11
894	3
895	3
896	6
897	4
898	4
899	4
900	5
901	6
902	3
903	4
904	3
905	5
906	6
907	4
908	10
909	6
910	3
911	5
912	3
913	5
914	1
915	2
916	3
917	6
918	3
919	6
920	8
921	12
922	4
923	8
924	3
925	3
926	5
927	3
928	5
929	10
930	3
931	7
932	1
933	4
934	3
935	4
936	6
937	4
938	8
939	2
940	2
941	3
942	4
943	4
944	5
945	2
946	4
947	6
948	2
949	2
950	5
951	1
952	4
953	3
954	5
955	4
956	2
957	4
958	3
959	4
960	2
961	3
962	5
963	8
964	2
965	4
966	2
967	2
968	2
969	5
970	1
971	1
972	6
973	3
974	3
975	4
976	3
977	5
978	2
979	6
980	4
981	1
982	0
983	4
984	2
985	3
986	5
987	5
988	4
989	4
990	2
991	2
992	4
993	4
994	5
995	4
996	2
997	3
998	3
999	2
1000	0
1001	3
1002	0
1003	2
1004	2
1005	2
1006	1
1007	2
1008	0
1009	3
1010	2
1011	2
1012	5
1013	1
1014	2
1015	1
1016	0
1017	0
1018	3
1019	1
1020	0
1021	0
1022	0
1023	0
